740	9
            -0.691215404546894              0.015891376639825             -0.722474033211966             -0.589897577926684             -0.589897577926679              0.551399759804509              0.417423181044495             -0.807321690346995             -0.417120577557576
            -0.707670695970642             -0.278939474251632             -0.649149409434108             -0.340048865281671             -0.670895730178908              0.658988382635352              0.619329440027741             -0.687089287452463             -0.379920196597907
            -0.734506514727442              0.182519680390575             -0.653595246381940             -0.670895730179254             -0.340048865282069              0.658988382634796              0.101975972906327             -0.922525520238058             -0.372219781123073
            -0.856665100127775             -0.149558318942434             -0.493717748777763             -0.403118853819778             -0.403118853821186              0.821577981319437              0.321900754764722             -0.902844116627564             -0.285048075160834
            -0.771735847138425              0.621614334850643             -0.134236362248576             -0.554642345255607             -0.554642345255615              0.620277145878124             -0.311119994681953             -0.553143279410990             -0.772811012700749
            -0.931173817792887              0.349840296090492             -0.102601599833220             -0.310347754937190             -0.612952749051692              0.726617642529700             -0.191310198532292             -0.708449500431252             -0.679337701939355
            -0.548945314205522              0.828704491093441             -0.109123363462465             -0.612952749052070             -0.310347754937621              0.726617642529197             -0.568285112809857             -0.465760815705592             -0.678320641814732
            -0.778572506337721              0.624532308558304             -0.061516241285003             -0.347727693895371             -0.347727693896619              0.870730096985022             -0.522408176882030             -0.699317414672461             -0.487898401578258
            -0.500000000000630             -0.610315620959852             -0.614422365162402              0.000000000000438             -0.709473835845755              0.704731776103725              0.866025403784075             -0.352365888052037             -0.354736917923592
            -0.499999999998236             -0.778991269258804             -0.378381556659838              0.000000000001409             -0.436917387188112              0.899501638004464              0.866025403785457             -0.449750819000112             -0.218458693594383
            -0.989299614052604             -0.112298034016819             -0.093141962569653              0.000000000000392             -0.638403948204705              0.769701499879430              0.145898161864258             -0.761465396766394             -0.631572779568617
            -0.993849199886695             -0.103147324215560             -0.040303813612949              0.000000000001227             -0.363943678830517              0.931420956731869              0.110741897602386             -0.925691972605618             -0.361705134009656
            -0.182519680390594             -0.734506514727443             -0.653595246381934              0.340048865282066             -0.670895730179256              0.658988382634795              0.922525520238055              0.101975972906312             -0.372219781123084
             0.149558318942420             -0.856665100127781             -0.493717748777758              0.403118853821186             -0.403118853819778              0.821577981319438              0.902844116627566              0.321900754764708             -0.285048075160841
            -0.828704491093458             -0.548945314205502             -0.109123363462441              0.310347754937620             -0.612952749052068              0.726617642529200              0.465760815705563             -0.568285112809878             -0.678320641814734
            -0.624532308558309             -0.778572506337717             -0.061516241285000              0.347727693896617             -0.347727693895371              0.870730096985023              0.699317414672457             -0.522408176882036             -0.487898401578257
            -0.015891376639869             -0.691215404546916             -0.722474033211944              0.589897577926677             -0.589897577926686              0.551399759804509              0.807321690346996              0.417423181044457             -0.417120577557613
             0.278939474251645             -0.707670695970632             -0.649149409434113              0.670895730178908             -0.340048865281669              0.658988382635353              0.687089287452458              0.619329440027753             -0.379920196597896
            -0.621614334850626             -0.771735847138435             -0.134236362248597              0.554642345255616             -0.554642345255605              0.620277145878125              0.553143279411008             -0.311119994681931             -0.772811012700745
            -0.349840296090493             -0.931173817792886             -0.102601599833221              0.612952749051692             -0.310347754937192              0.726617642529699              0.708449500431251             -0.191310198532292             -0.679337701939356
            -0.610315620959860              0.500000000000608             -0.614422365162412             -0.709473835845756             -0.000000000000437              0.704731776103725             -0.352365888052023             -0.866025403784088             -0.354736917923576
            -0.778991269258804              0.499999999998236             -0.378381556659838             -0.436917387188112             -0.000000000001409              0.899501638004464             -0.449750819000112             -0.866025403785457             -0.218458693594383
            -0.112298034016832              0.989299614052601             -0.093141962569663             -0.638403948204703             -0.000000000000392              0.769701499879432             -0.761465396766394             -0.145898161864275             -0.631572779568614
            -0.103147324215564              0.993849199886694             -0.040303813612951             -0.363943678830518             -0.000000000001227              0.931420956731868             -0.925691972605617             -0.110741897602389             -0.361705134009657
            -0.996829498666350             -0.079567270837911             -0.000000000000000             -0.000000000000000             -0.000000000000001              1.000000000000000              0.079567270837911             -0.996829498666350             -0.000000000000001
            -0.877328520507488             -0.479890265690128             -0.000000000000000              0.000000000000000             -0.000000000000001              1.000000000000000              0.479890265690128             -0.877328520507488             -0.000000000000001
             0.778991269258804             -0.499999999998236             -0.378381556659836              0.436917387188109              0.000000000001408              0.899501638004465              0.449750819000114              0.866025403785457             -0.218458693594381
             0.103147324215564             -0.993849199886694             -0.040303813612950              0.363943678830516              0.000000000001227              0.931420956731869              0.925691972605618              0.110741897602389             -0.361705134009654
             0.610315620959858             -0.500000000000611             -0.614422365162412              0.709473835845756              0.000000000000436              0.704731776103724              0.352365888052024              0.866025403784086             -0.354736917923577
             0.112298034016833             -0.989299614052601             -0.093141962569663              0.638403948204702              0.000000000000393              0.769701499879432              0.761465396766394              0.145898161864276             -0.631572779568613
            -0.278939474251650              0.707670695970627             -0.649149409434116             -0.670895730178909              0.340048865281669              0.658988382635352             -0.687089287452454             -0.619329440027759             -0.379920196597892
            -0.149558318942442              0.856665100127774             -0.493717748777763             -0.403118853821186              0.403118853819776              0.821577981319439             -0.902844116627562             -0.321900754764729             -0.285048075160830
             0.349840296090486              0.931173817792889             -0.102601599833224             -0.612952749051692              0.310347754937190              0.726617642529701             -0.708449500431255              0.191310198532285             -0.679337701939354
             0.624532308558307              0.778572506337719             -0.061516241285001             -0.347727693896618              0.347727693895370              0.870730096985023             -0.699317414672459              0.522408176882034             -0.487898401578257
             0.499999999998238              0.778991269258803             -0.378381556659836             -0.000000000001410              0.436917387188111              0.899501638004464             -0.866025403785456              0.449750819000113             -0.218458693594384
             0.993849199886694              0.103147324215563             -0.040303813612949             -0.000000000001228              0.363943678830515              0.931420956731869             -0.110741897602388              0.925691972605618             -0.361705134009655
             0.856665100127779              0.149558318942426             -0.493717748777759              0.403118853819777              0.403118853821186              0.821577981319438             -0.321900754764714              0.902844116627565             -0.285048075160838
             0.778572506337720             -0.624532308558306             -0.061516241285002              0.347727693895370              0.347727693896617              0.870730096985024              0.522408176882033              0.699317414672460             -0.487898401578256
             0.734506514727442             -0.182519680390573             -0.653595246381940              0.670895730179254              0.340048865282067              0.658988382634796             -0.101975972906328              0.922525520238059             -0.372219781123070
             0.548945314205514             -0.828704491093448             -0.109123363462455              0.612952749052068              0.310347754937620              0.726617642529200              0.568285112809866              0.465760815705581             -0.678320641814732
             0.015891376639854              0.691215404546909             -0.722474033211951             -0.589897577926676              0.589897577926686              0.551399759804510             -0.807321690346996             -0.417423181044469             -0.417120577557600
             0.182519680390615              0.734506514727446             -0.653595246381924             -0.340048865282069              0.670895730179254              0.658988382634795             -0.922525520238050             -0.101975972906296             -0.372219781123101
             0.621614334850621              0.771735847138437             -0.134236362248606             -0.554642345255617              0.554642345255607              0.620277145878122             -0.553143279411012              0.311119994681921             -0.772811012700746
             0.828704491093452              0.548945314205510             -0.109123363462448             -0.310347754937621              0.612952749052067              0.726617642529200             -0.465760815705574              0.568285112809872             -0.678320641814732
             0.500000000000598              0.610315620959864             -0.614422365162416             -0.000000000000437              0.709473835845755              0.704731776103725             -0.866025403784094              0.352365888052015             -0.354736917923569
             0.989299614052604              0.112298034016815             -0.093141962569651             -0.000000000000391              0.638403948204705              0.769701499879431             -0.145898161864254              0.761465396766395             -0.631572779568617
             0.707670695970644              0.278939474251632             -0.649149409434105              0.340048865281669              0.670895730178908              0.658988382635353             -0.619329440027740              0.687089287452463             -0.379920196597908
             0.931173817792888             -0.349840296090488             -0.102601599833221              0.310347754937188              0.612952749051692              0.726617642529701              0.191310198532288              0.708449500431254             -0.679337701939354
             0.691215404546934             -0.015891376639903             -0.722474033211926              0.589897577926685              0.589897577926678              0.551399759804509             -0.417423181044428              0.807321690346994             -0.417120577557644
             0.771735847138423             -0.621614334850645             -0.134236362248572              0.554642345255607              0.554642345255615              0.620277145878124              0.311119994681956              0.553143279410987             -0.772811012700750
            -0.622075041794260              0.085031739392412             -0.778326567497584             -0.635500981207025             -0.635500981207031              0.438494020221267              0.457341388091629             -0.767403483299888             -0.449367053262274
            -0.627824955571588              0.224226834036898             -0.745357734285573             -0.758901715964390             -0.389094829167804              0.522181385555998              0.172927761414524             -0.893491768743656             -0.414449572951276
            -0.760736117589610              0.628778085989850             -0.160992788576470             -0.611780545183977             -0.611780545183999              0.501447035158016             -0.216806651025938             -0.479961126668931             -0.850077757006739
            -0.546864640750532              0.822427248303639             -0.156692328926774             -0.720142938239638             -0.366623145514072              0.589051455882208             -0.427004933461397             -0.434972286957540             -0.792758409844106
            -0.563428689072319              0.143678092114283             -0.813575268906724             -0.664281425389716             -0.664281425389707              0.342724927258621              0.491200875622648             -0.733543995768910             -0.469717900509364
            -0.535961351668609              0.286833674419100             -0.794022589563292             -0.818150645352115             -0.408482560397572              0.404686939943657              0.208266538424863             -0.866526653410201             -0.453604021038442
            -0.748340696440658              0.638533369553569             -0.179614414837105             -0.649056621724179             -0.649056621724179              0.396800962186324             -0.136790730119795             -0.413522233697974             -0.900159796031089
            -0.518455659062269              0.837472026209329             -0.172755129889532             -0.792602808000444             -0.394832081572662              0.464637940886030             -0.320912010270914             -0.377820370914326             -0.868485606666018
            -0.512077527020028              0.195029254166503             -0.836504749741632             -0.683003268093844             -0.683003268093835              0.258868830773945              0.520848482856753             -0.703896388534845             -0.482956242441715
            -0.456491902484273              0.329049721131558             -0.826644678195858             -0.855340027538039             -0.418106724637779              0.305908816649498              0.244966488029519             -0.846707179511260             -0.472311731705418
            -0.735825032853172              0.649375399634225             -0.192023726077061             -0.673789186448751             -0.673789186448746              0.303341827728172             -0.067599210434438             -0.352590020526144             -0.933333072474138
            -0.494551565514941              0.848072431051506             -0.190241690323412             -0.839837680635051             -0.409922013816689              0.355860383822094             -0.223811124013662             -0.335763449885270             -0.914970757176907
            -0.466305824775695              0.240800956410752             -0.851218994837361             -0.695017398905411             -0.695017398905403              0.184123954002527              0.547274787468796             -0.677470083922851             -0.491451515808578
            -0.386848098527650              0.367010183048158             -0.845962217953319             -0.880275841166888             -0.420262234928337              0.220213753773389              0.274705282299901             -0.829869374921136             -0.485647844064538
            -0.723817112035004              0.660458854636591             -0.199707009535041             -0.689958557938682             -0.689958557938677              0.218893528123506             -0.006780608562771             -0.296228441678553             -0.955093049753905
            -0.469710845884233              0.860079013464129             -0.199087447764263             -0.871556384667307             -0.415863288445867              0.259705975419593             -0.140574498414081             -0.295502649601590             -0.944942852491128
            -0.424170756797554              0.282936024388950             -0.860247856830092             -0.702389433852162             -0.702389433852157              0.115317676119866              0.571601480308292             -0.653143391083323             -0.496664331710611
            -0.323269424535688              0.399195904073784             -0.857985727929713             -0.896934554209464             -0.418289249524326              0.143326582312722              0.301670821634170             -0.815890148183620             -0.493272725245858
            -0.712452056591707              0.671477169413155             -0.203790279491305             -0.700066825547281             -0.700066825547278              0.140758230794187              0.048150875655586             -0.242950305052400             -0.968842940031327
            -0.445863044149313              0.871429310819166             -0.204492303295601             -0.892717767557974             -0.416255132879854              0.172588098771270             -0.065277357086620             -0.259504567582938             -0.963533209627659
            -0.384481887972095              0.322624893214572             -0.864920144348425             -0.706204340636045             -0.706204340636042              0.050506024725985              0.594515859408496             -0.630229011983024             -0.499361878167205
            -0.263719888707388              0.428122886395927             -0.864385686163407             -0.907676812508873             -0.413418687630905              0.072165038289130              0.326457691491400             -0.803614200261270             -0.497623947177530
            -0.701701731355007              0.682325263927707             -0.205053442837155             -0.705533563462268             -0.705533563462264              0.066669195708913              0.099182009667171             -0.191453976282095             -0.976477497909786
            -0.422737747903200              0.882458216713480             -0.206301459647275             -0.906240491173890             -0.412783665159370              0.091311652785957              0.004579154358274             -0.225559618576691             -0.974218604735560
            -0.345186992790260              0.361919788396269             -0.865944574886648             -0.707040784667855             -0.707040784667855             -0.013662270401669              0.617202777719512             -0.607542093672088             -0.499953333414084
            -0.205001523458094              0.455170997078443             -0.866483547909871             -0.913693320130346             -0.406395486631317              0.002687972261755              0.350911516096360             -0.792251268136764             -0.499198393433556
            -0.691491648488946              0.692874949449461             -0.204361455503347             -0.707098681784982             -0.707098681784982             -0.004786275784164              0.147820006386081             -0.141194046061962             -0.978883796509408
            -0.400298372117303              0.893014620231791             -0.205635846419119             -0.913579057141318             -0.406441917646468              0.013351926177272              0.071655562470882             -0.193209356999428             -0.978537492758887
            -0.307951939013694              0.399154842172840             -0.863620874705841             -0.705143491415126             -0.705143491415127             -0.074466858600126              0.638700446040703             -0.586044425350894             -0.498611744489184
            -0.148784950073449              0.479849205513094             -0.864643151016703             -0.915289109713648             -0.397798130602016             -0.063265258468922              0.374311213125174             -0.781985541591399             -0.498387127111813
            -0.681485092585762              0.702555463405721             -0.204924106493473             -0.705245269955180             -0.705245269955180             -0.072513573982333              0.195466564376676             -0.095104837125239             -0.976088055539131
            -0.378526241282365              0.902588525233575             -0.205065449984451             -0.915441593151821             -0.397790786457071             -0.061067010222552              0.136691529321685             -0.164609976388267             -0.976841328714727
            -0.264041938519597              0.443064842667002             -0.856723642661552             -0.699511925033123             -0.699511925033120             -0.146171589144110              0.664051896646090             -0.560692974745470             -0.494629625711812
            -0.083566784970255              0.507794770692817             -0.857415338856709             -0.911415324965708             -0.386840758915866             -0.140272351727093              0.402912767069235             -0.769739370240620             -0.495138974464934
            -0.670012440251654              0.707186632000675             -0.225766245102240             -0.702362157713738             -0.702362157713740             -0.115649465296656              0.240355422904759             -0.081083086591726             -0.967292511988505
            -0.356668654264642              0.907569160603489             -0.221598036513249             -0.914326464659624             -0.387809839638195             -0.116664666042599              0.191819152036710             -0.161002319863025             -0.968134115663032
            -0.257699211443779              0.449407569742738             -0.855350193008209             -0.698390508087066             -0.698390508087061             -0.156529219086364              0.667713871830700             -0.557030999560906             -0.493836664184660
            -0.061781731844469              0.514249436243332             -0.855412494024791             -0.911643186205470             -0.377971380220841             -0.161382578920687              0.406312341254161             -0.769860476357481             -0.492163721018926
            -0.656146650782262              0.662466402972697             -0.361399830658007             -0.707052730723126             -0.707052730723128             -0.012364139838157              0.263719564394055             -0.247416048205009             -0.932328960424606
            -0.351445466215352              0.863775637102769             -0.361078569046101             -0.923679023319176             -0.382802703557516             -0.016707843343472              0.152653680456147             -0.327648804204688             -0.932385711466253
            -0.482911319153197              0.499999999999837             -0.718885705681983             -0.830097711384014              0.000000000000090              0.557617960215614             -0.278808980107780             -0.866025403784533             -0.415048855691828
            -0.106379098116877              0.985415936367367             -0.132811595265873             -0.780496511391925              0.000000000000082              0.625160136049185             -0.616042760844469             -0.170162958228946             -0.769113700604728
            -0.372598721589976              0.500000000000047             -0.781773747748969             -0.902714567416537             -0.000000000000035              0.430239944419361             -0.215119972209674             -0.866025403784411             -0.451357283708324
            -0.091914029664004              0.982417164390708             -0.162506388371183             -0.870419187278009             -0.000000000000029              0.492311322659037             -0.483655093604125             -0.186698996008338             -0.855114749796929
            -0.281344747057216              0.499999999999967             -0.819051361822532             -0.945759048456716              0.000000000000000              0.324868930897134             -0.162434465448557             -0.866025403784458             -0.472879524228327
            -0.074218498970795              0.980419414928415             -0.182398972699811             -0.926255859022150              0.000000000000000              0.376895321843001             -0.369515490930572             -0.196920722199123             -0.908119227376513
            -0.203051870144927              0.499999999999959             -0.841884753413844             -0.972124778020223             -0.000000000000006              0.234464103775252             -0.117232051887612             -0.866025403784462             -0.486062389010073
            -0.055900729827107              0.979238575246321             -0.194851022974869             -0.961224960977913             -0.000000000000004              0.275765433644265             -0.270040150343993             -0.202711155957328             -0.941268561279212
            -0.133585250988906              0.500000000000041             -0.855660552274201             -0.988031700380934             -0.000000000000001              0.154250961236421             -0.077125480618216             -0.866025403784415             -0.494015850190508
            -0.037997441458779              0.978671987583114             -0.201884459933655             -0.982744892112236             -0.000000000000001              0.184966151031236             -0.181021190665338             -0.205429162292302             -0.961784896850635
            -0.069750076588945              0.500000000000102             -0.863211982548744             -0.996751340984524             -0.000000000000001              0.080540450989254             -0.040270225494635             -0.866025403784380             -0.498375670492364
            -0.020762279947704              0.978568314131217             -0.204873088300443             -0.994904102583561             -0.000000000000001              0.100825724209643             -0.098664858960890             -0.205922447971046             -0.973581630387427
            -0.007781907680697              0.500000000000095             -0.865990439850669             -0.999959627126915              0.000000000000001              0.008985772988520             -0.004492886494262             -0.866025403784384             -0.499979813563552
            -0.004171672667558              0.978782431854135             -0.204859825834302             -0.999792727439883              0.000000000000002              0.020359326077236             -0.019927350688789             -0.204902296457863             -0.978579557113687
             0.051096191974838              0.500000000000036             -0.864516731570670             -0.998257935382548              0.000000000000001             -0.059000800382476              0.029500400191240             -0.866025403784418             -0.499128967691310
             0.011580368391532              0.978814311249833             -0.204422208090100             -0.998399281901208              0.000000000000000             -0.056558588199777              0.055360355554028             -0.204749955048873             -0.977247505466459
             0.119471190118072              0.500000000000006             -0.857745087267637             -0.990438714060102             -0.000000000000000             -0.137953447550148              0.068976723775075             -0.866025403784435             -0.495219357030057
             0.025898433763825              0.975028586321590             -0.220564110825634             -0.993176854218508              0.000000000000001             -0.116617907049599              0.113705793050353             -0.222079390884705             -0.968375824135995
             0.141241514498247              0.499999999999990             -0.854430122702993             -0.986610922692589             -0.000000000000002             -0.163091652832626              0.081545826416313             -0.866025403784444             -0.493305461346285
             0.006625136931283              0.932647440297288             -0.360728235195913             -0.999831387566658             -0.000000000000000             -0.018362909261115              0.017126120318790             -0.360789068718713             -0.932490184342929
            -0.164152643381643              0.661673152785859             -0.731602725906103             -0.758901715964145              0.389094829167753              0.522181385556392             -0.630176241362283             -0.640932018857959             -0.438273946322579
             0.365726502632409              0.922049622305791             -0.126762057722388             -0.720142938239334              0.366623145514003              0.589051455882623             -0.589608576749258              0.124144928125016             -0.798091325002690
            -0.087616562800379              0.607017257700099             -0.789843900259601             -0.818150645352002              0.408482560397500              0.404686939943959             -0.568289415204216             -0.681668575412828             -0.460841723221211
             0.361650222851226              0.917935429161294             -0.163106297248540             -0.792602808000294              0.394832081572580              0.464637940886356             -0.490907226532374              0.038757905664962             -0.870349309005734
            -0.016098749532871              0.568745066457754             -0.822356297260162             -0.855340027537973              0.418106724637749              0.305908816649722             -0.517816828188133             -0.708319007363673             -0.479739425368109
             0.368567537248114              0.911889895859533             -0.180595648663390             -0.839837680634964              0.409922013816651              0.355860383822343             -0.398535620330911             -0.020512445436658             -0.916923442229319
             0.044477703761563              0.535182868980454             -0.843564479229625             -0.880275841166856              0.420262234928316              0.220213753773559             -0.472372921880672             -0.732774829427777             -0.489800849357175
             0.374893312427235              0.906619570459155             -0.193638732586722             -0.871556384667262              0.415863288445842              0.259705975419784             -0.315981759984760             -0.071405040322566             -0.946074440820312
             0.099619882847769              0.506983642987621             -0.856179575021734             -0.896934554209449              0.418289249524316              0.143326582312851             -0.430794944731823             -0.753658868106377             -0.496401073848678
             0.381913893641503              0.902191464061852             -0.200480273387478             -0.892717767557951              0.416255132879843              0.172588098771417             -0.239158452348928             -0.113058509299901             -0.964375968253538
             0.150860709738531              0.481888869070102             -0.863147822869018             -0.907676812508868              0.413418687630901              0.072165038289227             -0.391616968849574             -0.772572395691098             -0.499767989296223
             0.388769017439082              0.898556818859438             -0.203603276890767             -0.906240491173882              0.412783665159363              0.091311652786068             -0.166092815125674             -0.149014392119722             -0.974786072789727
             0.201397525690811              0.458524225847582             -0.865560264196835             -0.913693320130346              0.406395486631316              0.002687972261828             -0.352992285177457             -0.790315280604248             -0.500797567734335
             0.395458948779987              0.895587202701648             -0.203803292875421             -0.913579057141318              0.406441917646465              0.013351926177351             -0.094792015394803             -0.180910281457140             -0.978920805724595
             0.249770544450996              0.437294741653725             -0.863937488506347             -0.915289109713651              0.397798130602017             -0.063265258468873             -0.316007153027025             -0.806554372755826             -0.499609370432753
             0.401570755457478              0.892833219386871             -0.203935702417665             -0.915441593151824              0.397790786457072             -0.061067010222499             -0.026601088116114             -0.211213949750342             -0.977077811405979
             0.307149299305899              0.412716463575032             -0.857510599718753             -0.911415324965712              0.386840758915865             -0.140272351727070             -0.273827342231452             -0.824632856449170             -0.494973977811907
             0.404605392019109              0.887113765220158             -0.222089271028516             -0.914326464659623              0.387809839638195             -0.116664666042606              0.017366426578276             -0.250265250957283             -0.968021544900314
             0.320985943475035              0.409594011773568             -0.853932532235818             -0.911643186205468              0.377971380220837             -0.161382578920705             -0.256660719894150             -0.830283313847262             -0.494727090030682
             0.362632325763565              0.859262286119462             -0.360785420941677             -0.923679023319175              0.382802703557517             -0.016707843343488             -0.123753214873160             -0.339308729333348             -0.932499183917469
             0.085031739392435              0.622075041794275             -0.778326567497569             -0.635500981207033              0.635500981207023              0.438494020221267             -0.767403483299884             -0.457341388091611             -0.449367053262301
             0.628778085989853              0.760736117589609             -0.160992788576465             -0.611780545183998              0.611780545183977              0.501447035158017             -0.479961126668928              0.216806651025942             -0.850077757006739
             0.143678092114276              0.563428689072313             -0.813575268906729             -0.664281425389706              0.664281425389717              0.342724927258620             -0.733543995768913             -0.491200875622653             -0.469717900509355
             0.638533369553563              0.748340696440661             -0.179614414837116             -0.649056621724180              0.649056621724178              0.396800962186323             -0.413522233697981              0.136790730119785             -0.900159796031087
             0.195029254166597              0.512077527020099             -0.836504749741567             -0.683003268093837              0.683003268093842              0.258868830773946             -0.703896388534818             -0.520848482856685             -0.482956242441828
             0.649375399634235              0.735825032853170             -0.192023726077037             -0.673789186448746              0.673789186448751              0.303341827728172             -0.352590020526128              0.067599210434457             -0.933333072474142
             0.240800956410814              0.466305824775744             -0.851218994837316             -0.695017398905403              0.695017398905411              0.184123954002526             -0.677470083922829             -0.547274787468754             -0.491451515808656
             0.660458854636611              0.723817112035003             -0.199707009534977             -0.689958557938676              0.689958557938682              0.218893528123507             -0.296228441678509              0.006780608562820             -0.955093049753918
             0.282936024388970              0.424170756797571             -0.860247856830077             -0.702389433852157              0.702389433852162              0.115317676119867             -0.653143391083314             -0.571601480308279             -0.496664331710637
             0.671477169413149              0.712452056591706             -0.203790279491329             -0.700066825547278              0.700066825547282              0.140758230794186             -0.242950305052416             -0.048150875655604             -0.968842940031322
             0.322624893214574              0.384481887972097             -0.864920144348423             -0.706204340636043              0.706204340636045              0.050506024725985             -0.630229011983023             -0.594515859408495             -0.499361878167208
             0.682325263927702              0.701701731355006             -0.205053442837173             -0.705533563462264              0.705533563462267              0.066669195708915             -0.191453976282108             -0.099182009667183             -0.976477497909782
             0.361919788396343              0.345186992790335             -0.865944574886587             -0.707040784667854              0.707040784667856             -0.013662270401669             -0.607542093672045             -0.617202777719469             -0.499953333414190
